;machine=10 (c64m)
  .byte 112,168,204,220,252,204,136,0
  .byte 176,200,220,240,200,220,244,0
  .byte 48,204,192,192,192,204,48,0
  .byte 240,204,204,204,204,204,240,0
  .byte 252,192,192,240,192,192,252,0
  .byte 252,192,192,240,192,192,192,0
  .byte 48,204,192,192,204,204,48,0
  .byte 204,204,204,252,204,204,204,0
  .byte 252,48,48,48,48,48,252,0
  .byte 252,12,12,12,204,204,48,0
  .byte 204,204,204,240,204,204,204,0
  .byte 192,192,192,192,192,192,252,0
  .byte 0,0,0,0,0,0,0,0
  .byte 0,0,0,0,0,0,0,0
  .byte 0,0,0,0,0,0,0,0
  .byte 0,0,0,0,0,0,0,0
  .byte 0,0,0,0,0,0,0,0
  .byte 0,0,0,0,0,0,0,0
  .byte 0,0,0,0,0,0,0,0
  .byte 0,0,0,0,0,0,0,0
  .byte 0,0,0,0,0,0,0,0
  .byte 0,0,0,0,0,0,0,0
  .byte 0,0,0,0,0,0,0,0
  .byte 0,0,0,0,0,0,0,0
  .byte 0,0,0,0,0,0,0,0
  .byte 0,0,0,0,0,0,0,0
  .byte 0,0,0,0,0,0,0,0
  .byte 0,0,0,0,0,0,0,0
  .byte 0,0,0,0,0,0,0,0
  .byte 0,0,0,0,0,0,0,0
  .byte 0,0,0,0,0,0,0,0
  .byte 0,0,0,0,0,0,0,0
  .byte 0,0,0,0,0,0,0,0
  .byte 0,0,0,0,0,0,0,0
  .byte 0,0,0,0,0,0,0,0
  .byte 0,0,0,0,0,0,0,0
  .byte 0,0,0,0,0,0,0,0
  .byte 0,0,0,0,0,0,0,0
  .byte 0,0,0,0,0,0,0,0
  .byte 0,0,0,0,0,0,0,0

  .byte 220,252,236,204,204,204,204,0
  .byte 204,204,252,220,236,204,204,0
  .byte 48,204,204,204,204,204,48,0
  .byte 240,204,204,240,192,192,192,0
  .byte 48,204,204,204,204,204,60,0
  .byte 240,204,204,240,204,204,204,0
  .byte 116,204,192,112,28,204,116,0
  .byte 252,48,48,48,48,48,48,0
  .byte 196,204,204,204,236,220,116,0
  .byte 196,204,204,204,204,116,48,0
  .byte 204,204,204,204,204,252,204,0
  .byte 204,204,204,48,204,204,204,0
  .byte 204,204,204,204,48,48,48,0
  .byte 252,12,12,48,192,192,252,0
  .byte 0,0,0,0,0,0,0,0
  .byte 0,0,0,0,0,0,0,0
  .byte 0,0,0,0,0,0,0,0
  .byte 0,0,0,0,0,0,0,0
  .byte 0,0,0,0,0,0,0,0
  .byte 0,0,0,0,0,0,0,0
  .byte 0,0,0,0,0,0,0,0
  .byte 0,0,0,0,0,0,0,0
  .byte 0,0,0,0,0,0,0,0
  .byte 0,0,0,0,0,0,0,0
  .byte 0,0,0,0,0,0,0,0
  .byte 0,0,0,0,0,0,0,0
  .byte 0,0,0,0,0,0,0,0
  .byte 0,0,0,0,0,0,0,0
  .byte 0,0,0,0,0,0,0,0
  .byte 0,0,0,0,0,0,0,0
  .byte 0,0,0,0,0,0,0,0
  .byte 0,0,0,0,0,0,0,0
  .byte 0,0,0,0,0,0,0,0
  .byte 0,0,0,0,0,0,0,0
  .byte 0,0,0,0,0,0,0,0
  .byte 0,0,0,0,0,0,0,0
  .byte 0,0,0,0,0,0,0,0
  .byte 0,0,0,0,0,0,0,0
  .byte 0,0,0,0,0,0,0,0
  .byte 0,0,0,0,0,0,0,0

  .byte 0,0,0,0,0,0,0,0
  .byte 0,0,0,0,0,0,0,0
  .byte 0,0,0,0,0,0,0,0
  .byte 0,0,0,0,0,0,0,0
  .byte 0,0,0,0,0,0,0,0
  .byte 0,0,0,0,0,0,0,0
  .byte 0,0,0,0,0,0,0,0
  .byte 0,0,0,0,0,0,0,0
  .byte 0,0,0,0,0,0,0,0
  .byte 0,0,0,0,0,0,0,0
  .byte 0,0,0,0,0,0,0,0
  .byte 0,0,0,0,0,0,0,0
  .byte 0,0,0,0,0,0,0,0
  .byte 0,0,0,0,0,0,0,0
  .byte 0,0,0,0,0,0,0,0
  .byte 0,0,0,0,0,0,0,0
  .byte 0,0,0,0,0,0,0,0
  .byte 0,0,0,0,0,0,0,0
  .byte 0,0,0,0,0,0,0,0
  .byte 0,0,0,0,0,0,0,0
  .byte 0,0,0,0,0,0,0,0
  .byte 0,0,0,0,0,0,0,0
  .byte 0,0,0,0,0,0,0,0
  .byte 0,0,0,0,0,0,0,0
  .byte 0,0,0,0,0,0,0,0
  .byte 0,0,0,0,0,0,0,0
  .byte 0,0,0,0,0,0,0,0
  .byte 0,0,0,0,0,0,0,0
  .byte 0,0,0,0,0,0,0,0
  .byte 0,0,0,0,0,0,0,0
  .byte 0,0,0,0,0,0,0,0
  .byte 0,0,0,0,0,0,0,0
  .byte 0,0,0,0,0,0,0,0
  .byte 0,0,0,0,0,0,0,0
  .byte 0,0,0,0,0,0,0,0
  .byte 0,0,0,0,0,0,0,0
  .byte 0,0,0,0,0,0,0,0
  .byte 0,0,0,0,0,0,0,0
  .byte 0,0,0,0,0,0,0,0
  .byte 0,0,0,0,0,0,0,0

  .byte 0,0,0,0,0,0,0,0
  .byte 0,0,0,0,0,0,0,0
  .byte 0,0,0,0,0,0,0,0
  .byte 0,0,0,0,0,0,0,0
  .byte 0,0,0,0,0,0,0,0
  .byte 0,0,0,0,0,0,0,0
  .byte 0,0,0,0,0,0,0,0
  .byte 0,0,0,0,0,0,0,0
  .byte 0,0,0,0,0,0,0,0
  .byte 0,0,0,0,0,0,0,0
  .byte 0,0,0,0,0,0,0,0
  .byte 0,0,0,0,0,0,0,0
  .byte 0,0,0,0,0,0,0,0
  .byte 0,0,0,0,0,0,0,0
  .byte 0,0,0,0,0,0,0,0
  .byte 0,0,0,0,0,0,0,0
  .byte 0,0,0,0,0,0,0,0
  .byte 0,0,0,0,0,0,0,0
  .byte 0,0,0,0,0,0,0,0
  .byte 0,0,0,0,0,0,0,0
  .byte 0,0,0,0,0,0,0,0
  .byte 0,0,0,0,0,0,0,0
  .byte 0,0,0,0,0,0,0,0
  .byte 0,0,0,0,0,0,0,0
  .byte 0,0,0,0,0,0,0,0
  .byte 0,0,0,0,0,0,0,0
  .byte 0,0,0,0,0,0,0,0
  .byte 0,0,0,0,0,0,0,0
  .byte 0,0,0,0,0,0,0,0
  .byte 0,0,0,0,0,0,0,0
  .byte 0,0,0,0,0,0,0,0
  .byte 0,0,0,0,0,0,0,0
  .byte 0,0,0,0,0,0,0,0
  .byte 0,0,0,0,0,0,0,0
  .byte 0,0,0,0,0,0,0,0
  .byte 0,0,0,0,0,0,0,0
  .byte 0,0,0,0,0,0,0,0
  .byte 0,0,0,0,0,0,0,0
  .byte 0,0,0,0,0,0,0,0
  .byte 0,0,0,0,0,0,0,0

  .byte 0,0,0,0,0,0,0,0
  .byte 0,0,0,0,0,0,0,0
  .byte 0,0,0,0,0,0,0,0
  .byte 0,0,0,0,0,0,0,0
  .byte 0,0,0,0,0,0,0,0
  .byte 0,0,0,0,0,0,0,0
  .byte 0,0,0,0,0,0,0,0
  .byte 0,0,0,0,0,0,0,0
  .byte 0,0,0,0,0,0,0,0
  .byte 0,0,0,0,0,0,0,0
  .byte 0,0,0,0,0,0,0,0
  .byte 0,0,0,0,0,0,0,0
  .byte 0,0,0,0,0,0,0,0
  .byte 0,0,0,0,0,0,0,0
  .byte 0,0,0,0,0,0,0,0
  .byte 0,0,0,0,0,0,0,0
  .byte 0,0,0,0,0,0,0,0
  .byte 0,0,0,0,0,0,0,0
  .byte 0,0,0,0,0,0,0,0
  .byte 0,0,0,0,0,0,0,0
  .byte 0,0,0,0,0,0,0,0
  .byte 0,0,0,0,0,0,0,0
  .byte 0,0,0,0,0,0,0,0
  .byte 0,0,0,0,0,0,0,0
  .byte 0,0,0,0,0,0,0,0
  .byte 0,0,0,0,0,0,0,0
  .byte 0,0,0,0,0,0,0,0
  .byte 0,0,0,0,0,0,0,0
  .byte 0,0,0,0,0,0,0,0
  .byte 0,0,0,0,0,0,0,0
  .byte 0,0,0,0,0,0,0,0
  .byte 0,0,0,0,0,0,0,0
  .byte 0,0,0,0,0,0,0,0
  .byte 0,0,0,0,0,0,0,0
  .byte 0,0,0,0,0,0,0,0
  .byte 0,0,0,0,0,0,0,0
  .byte 0,0,0,0,0,0,0,0
  .byte 0,0,0,0,0,0,0,0
  .byte 0,0,0,0,0,0,0,0
  .byte 0,0,0,0,0,0,0,0

  .byte 0,0,0,0,0,0,0,0
  .byte 0,0,0,0,0,0,0,0
  .byte 0,0,0,0,0,0,0,0
  .byte 0,0,0,0,0,0,0,0
  .byte 0,0,0,0,0,0,0,0
  .byte 0,0,0,0,0,0,0,0
  .byte 0,0,0,0,0,0,0,0
  .byte 0,0,0,0,0,0,0,0
  .byte 0,0,0,0,0,0,0,0
  .byte 0,0,0,0,0,0,0,0
  .byte 0,0,0,0,0,0,0,0
  .byte 0,0,0,0,0,0,0,0
  .byte 0,0,0,0,0,0,0,0
  .byte 0,0,0,0,0,0,0,0
  .byte 0,0,0,0,0,0,0,0
  .byte 0,0,0,0,0,0,0,0
  .byte 0,0,0,0,0,0,0,0
  .byte 0,0,0,0,0,0,0,0
  .byte 0,0,0,0,0,0,0,0
  .byte 0,0,0,0,0,0,0,0
  .byte 0,0,0,0,0,0,0,0
  .byte 0,0,0,0,0,0,0,0
  .byte 0,0,0,0,0,0,0,0
  .byte 0,0,0,0,0,0,0,0
  .byte 0,0,0,0,0,0,0,0
  .byte 0,0,0,0,0,0,0,0
  .byte 0,0,0,0,0,0,0,0
  .byte 0,0,0,0,0,0,0,0
  .byte 0,0,0,0,0,0,0,0
  .byte 0,0,0,0,0,0,0,0
  .byte 0,0,0,0,0,0,0,0
  .byte 0,0,0,0,0,0,0,0
  .byte 0,0,0,0,0,0,0,0
  .byte 0,0,0,0,0,0,0,0
  .byte 0,0,0,0,0,0,0,0
  .byte 0,0,0,0,0,0,0,0
  .byte 0,0,0,0,0,0,0,0
  .byte 0,0,0,0,0,0,0,0
  .byte 0,0,0,0,0,0,0,0
  .byte 0,0,0,0,0,0,0,0

  .byte 0,0,0,0,0,0,0,0
  .byte 0,0,0,0,0,0,0,0
  .byte 0,0,0,0,0,0,0,0
  .byte 0,0,0,0,0,0,0,0
  .byte 0,0,0,0,0,0,0,0
  .byte 0,0,0,0,0,0,0,0
  .byte 0,0,0,0,0,0,0,0
  .byte 0,0,0,0,0,0,0,0
  .byte 0,0,0,0,0,0,0,0
  .byte 0,0,0,0,0,0,0,0
  .byte 0,0,0,0,0,0,0,0
  .byte 0,0,0,0,0,0,0,0
  .byte 0,0,0,0,0,0,0,0
  .byte 0,0,0,0,0,0,0,0
  .byte 0,0,0,0,0,0,0,0
  .byte 0,0,0,0,0,0,0,0
  .byte 0,0,0,0,0,0,0,0
  .byte 0,0,0,0,0,0,0,0
  .byte 0,0,0,0,0,0,0,0
  .byte 0,0,0,0,0,0,0,0
  .byte 0,0,0,0,0,0,0,0
  .byte 0,0,0,0,0,0,0,0
  .byte 0,0,0,0,0,0,0,0
  .byte 0,0,0,0,0,0,0,0
  .byte 0,0,0,0,0,0,0,0
  .byte 0,0,0,0,0,0,0,0
  .byte 0,0,0,0,0,0,0,0
  .byte 0,0,0,0,0,0,0,0
  .byte 0,0,0,0,0,0,0,0
  .byte 0,0,0,0,0,0,0,0
  .byte 0,0,0,0,0,0,0,0
  .byte 0,0,0,0,0,0,0,0
  .byte 0,0,0,0,0,0,0,0
  .byte 0,0,0,0,0,0,0,0
  .byte 0,0,0,0,0,0,0,0
  .byte 0,0,0,0,0,0,0,0
  .byte 0,0,0,0,0,0,0,0
  .byte 0,0,0,0,0,0,0,0
  .byte 0,0,0,0,0,0,0,0
  .byte 0,0,0,0,0,0,0,0

  .byte 0,0,0,0,0,0,0,0
  .byte 0,0,0,0,0,0,0,0
  .byte 0,0,0,0,0,0,0,0
  .byte 0,0,0,0,0,0,0,0
  .byte 0,0,0,0,0,0,0,0
  .byte 0,0,0,0,0,0,0,0
  .byte 0,0,0,0,0,0,0,0
  .byte 0,0,0,0,0,0,0,0
  .byte 0,0,0,0,0,0,0,0
  .byte 0,0,0,0,0,0,0,0
  .byte 0,0,0,0,0,0,0,0
  .byte 0,0,0,0,0,0,0,0
  .byte 0,0,0,0,0,0,0,0
  .byte 0,0,0,0,0,0,0,0
  .byte 0,0,0,0,0,0,0,0
  .byte 0,0,0,0,0,0,0,0
  .byte 0,0,0,0,0,0,0,0
  .byte 0,0,0,0,0,0,0,0
  .byte 0,0,0,0,0,0,0,0
  .byte 0,0,0,0,0,0,0,0
  .byte 0,0,0,0,0,0,0,0
  .byte 0,0,0,0,0,0,0,0
  .byte 0,0,0,0,0,0,0,0
  .byte 0,0,0,0,0,0,0,0
  .byte 0,0,0,0,0,0,0,0
  .byte 0,0,0,0,0,0,0,0
  .byte 0,0,0,0,0,0,0,0
  .byte 0,0,0,0,0,0,0,0
  .byte 0,0,0,0,0,0,0,0
  .byte 0,0,0,0,0,0,0,0
  .byte 0,0,0,0,0,0,0,0
  .byte 0,0,0,0,0,0,0,0
  .byte 0,0,0,0,0,0,0,0
  .byte 0,0,0,0,0,0,0,0
  .byte 0,0,0,0,0,0,0,0
  .byte 0,0,0,0,0,0,0,0
  .byte 0,0,0,0,0,0,0,0
  .byte 0,0,0,0,0,0,0,0
  .byte 0,0,0,0,0,0,0,0
  .byte 0,0,0,0,0,0,0,0

  .byte 0,0,0,0,0,0,0,0
  .byte 0,0,0,0,0,0,0,0
  .byte 0,0,0,0,0,0,0,0
  .byte 0,0,0,0,0,0,0,0
  .byte 0,0,0,0,0,0,0,0
  .byte 0,0,0,0,0,0,0,0
  .byte 0,0,0,0,0,0,0,0
  .byte 0,0,0,0,0,0,0,0
  .byte 0,0,0,0,0,0,0,0
  .byte 0,0,0,0,0,0,0,0
  .byte 0,0,0,0,0,0,0,0
  .byte 0,0,0,0,0,0,0,0
  .byte 0,0,0,0,0,0,0,0
  .byte 0,0,0,0,0,0,0,0
  .byte 0,0,0,0,0,0,0,0
  .byte 0,0,0,0,0,0,0,0
  .byte 0,0,0,0,0,0,0,0
  .byte 0,0,0,0,0,0,0,0
  .byte 0,0,0,0,0,0,0,0
  .byte 0,0,0,0,0,0,0,0
  .byte 0,0,0,0,0,0,0,0
  .byte 0,0,0,0,0,0,0,0
  .byte 0,0,0,0,0,0,0,0
  .byte 0,0,0,0,0,0,0,0
  .byte 0,0,0,0,0,0,0,0
  .byte 0,0,0,0,0,0,0,0
  .byte 0,0,0,0,0,0,0,0
  .byte 0,0,0,0,0,0,0,0
  .byte 0,0,0,0,0,0,0,0
  .byte 0,0,0,0,0,0,0,0
  .byte 0,0,0,0,0,0,0,0
  .byte 0,0,0,0,0,0,0,0
  .byte 0,0,0,0,0,0,0,0
  .byte 0,0,0,0,0,0,0,0
  .byte 0,0,0,0,0,0,0,0
  .byte 0,0,0,0,0,0,0,0
  .byte 0,0,0,0,0,0,0,0
  .byte 0,0,0,0,0,0,0,0
  .byte 0,0,0,0,0,0,0,0
  .byte 0,0,0,0,0,0,0,0

  .byte 0,0,0,0,0,0,0,0
  .byte 0,0,0,0,0,0,0,0
  .byte 0,0,0,0,0,0,0,0
  .byte 0,0,0,0,0,0,0,0
  .byte 0,0,0,0,0,0,0,0
  .byte 0,0,0,0,0,0,0,0
  .byte 0,0,0,0,0,0,0,0
  .byte 0,0,0,0,0,0,0,0
  .byte 0,0,0,0,0,0,0,0
  .byte 0,0,0,0,0,0,0,0
  .byte 0,0,0,0,0,0,0,0
  .byte 0,0,0,0,0,0,0,0
  .byte 0,0,0,0,0,0,0,0
  .byte 0,0,0,0,0,0,0,0
  .byte 0,0,0,0,0,0,0,0
  .byte 0,0,0,0,0,0,0,0
  .byte 0,0,0,0,0,0,0,0
  .byte 0,0,0,0,0,0,0,0
  .byte 0,0,0,0,0,0,0,0
  .byte 0,0,0,0,0,0,0,0
  .byte 0,0,0,0,0,0,0,0
  .byte 0,0,0,0,0,0,0,0
  .byte 0,0,0,0,0,0,0,0
  .byte 0,0,0,0,0,0,0,0
  .byte 0,0,0,0,0,0,0,0
  .byte 0,0,0,0,0,0,0,0
  .byte 0,0,0,0,0,0,0,0
  .byte 0,0,0,0,0,0,0,0
  .byte 0,0,0,0,0,0,0,0
  .byte 0,0,0,0,0,0,0,0
  .byte 0,0,0,0,0,0,0,0
  .byte 0,0,0,0,0,0,0,0
  .byte 0,0,0,0,0,0,0,0
  .byte 0,0,0,0,0,0,0,0
  .byte 0,0,0,0,0,0,0,0
  .byte 0,0,0,0,0,0,0,0
  .byte 0,0,0,0,0,0,0,0
  .byte 0,0,0,0,0,0,0,0
  .byte 0,0,0,0,0,0,0,0
  .byte 0,0,0,0,0,0,0,0

  .byte 0,0,0,0,0,0,0,0
  .byte 0,0,0,0,0,0,0,0
  .byte 0,0,0,0,0,0,0,0
  .byte 0,0,0,0,0,0,0,0
  .byte 0,0,0,0,0,0,0,0
  .byte 0,0,0,0,0,0,0,0
  .byte 0,0,0,0,0,0,0,0
  .byte 0,0,0,0,0,0,0,0
  .byte 0,0,0,0,0,0,0,0
  .byte 0,0,0,0,0,0,0,0
  .byte 0,0,0,0,0,0,0,0
  .byte 0,0,0,0,0,0,0,0
  .byte 0,0,0,0,0,0,0,0
  .byte 0,0,0,0,0,0,0,0
  .byte 0,0,0,0,0,0,0,0
  .byte 0,0,0,0,0,0,0,0
  .byte 0,0,0,0,0,0,0,0
  .byte 0,0,0,0,0,0,0,0
  .byte 0,0,0,0,0,0,0,0
  .byte 0,0,0,0,0,0,0,0
  .byte 0,0,0,0,0,0,0,0
  .byte 0,0,0,0,0,0,0,0
  .byte 0,0,0,0,0,0,0,0
  .byte 0,0,0,0,0,0,0,0
  .byte 0,0,0,0,0,0,0,0
  .byte 0,0,0,0,0,0,0,0
  .byte 0,0,0,0,0,0,0,0
  .byte 0,0,0,0,0,0,0,0
  .byte 0,0,0,0,0,0,0,0
  .byte 0,0,0,0,0,0,0,0
  .byte 0,0,0,0,0,0,0,0
  .byte 0,0,0,0,0,0,0,0
  .byte 0,0,0,0,0,0,0,0
  .byte 0,0,0,0,0,0,0,0
  .byte 0,0,0,0,0,0,0,0
  .byte 0,0,0,0,0,0,0,0
  .byte 0,0,0,0,0,0,0,0
  .byte 0,0,0,0,0,0,0,0
  .byte 0,0,0,0,0,0,0,0
  .byte 0,0,0,0,0,0,0,0

  .byte 0,0,0,0,0,0,0,0
  .byte 0,0,0,0,0,0,0,0
  .byte 0,0,0,0,0,0,0,0
  .byte 0,0,0,0,0,0,0,0
  .byte 0,0,0,0,0,0,0,0
  .byte 0,0,0,0,0,0,0,0
  .byte 0,0,0,0,0,0,0,0
  .byte 0,0,0,0,0,0,0,0
  .byte 0,0,0,0,0,0,0,0
  .byte 0,0,0,0,0,0,0,0
  .byte 0,0,0,0,0,0,0,0
  .byte 0,0,0,0,0,0,0,0
  .byte 0,0,0,0,0,0,0,0
  .byte 0,0,0,0,0,0,0,0
  .byte 0,0,0,0,0,0,0,0
  .byte 0,0,0,0,0,0,0,0
  .byte 0,0,0,0,0,0,0,0
  .byte 0,0,0,0,0,0,0,0
  .byte 0,0,0,0,0,0,0,0
  .byte 0,0,0,0,0,0,0,0
  .byte 0,0,0,0,0,0,0,0
  .byte 0,0,0,0,0,0,0,0
  .byte 0,0,0,0,0,0,0,0
  .byte 0,0,0,0,0,0,0,0
  .byte 0,0,0,0,0,0,0,0
  .byte 0,0,0,0,0,0,0,0
  .byte 0,0,0,0,0,0,0,0
  .byte 0,0,0,0,0,0,0,0
  .byte 0,0,0,0,0,0,0,0
  .byte 0,0,0,0,0,0,0,0
  .byte 0,0,0,0,0,0,0,0
  .byte 0,0,0,0,0,0,0,0
  .byte 0,0,0,0,0,0,0,0
  .byte 0,0,0,0,0,0,0,0
  .byte 0,0,0,0,0,0,0,0
  .byte 0,0,0,0,0,0,0,0
  .byte 0,0,0,0,0,0,0,0
  .byte 0,0,0,0,0,0,0,0
  .byte 0,0,0,0,0,0,0,0
  .byte 0,0,0,0,0,0,0,0

  .byte 0,0,0,0,0,0,0,0
  .byte 0,0,0,0,0,0,0,0
  .byte 0,0,0,0,0,0,0,0
  .byte 0,0,0,0,0,0,0,0
  .byte 0,0,0,0,0,0,0,0
  .byte 0,0,0,0,0,0,0,0
  .byte 0,0,0,0,0,0,0,0
  .byte 0,0,0,0,0,0,0,0
  .byte 0,0,0,0,0,0,0,0
  .byte 0,0,0,0,0,0,0,0
  .byte 0,0,0,0,0,0,0,0
  .byte 0,0,0,0,0,0,0,0
  .byte 0,0,0,0,0,0,0,0
  .byte 0,0,0,0,0,0,0,0
  .byte 0,0,0,0,0,0,0,0
  .byte 0,0,0,0,0,0,0,0
  .byte 0,0,0,0,0,0,0,0
  .byte 0,0,0,0,0,0,0,0
  .byte 0,0,0,0,0,0,0,0
  .byte 0,0,0,0,0,0,0,0
  .byte 0,0,0,0,0,0,0,0
  .byte 0,0,0,0,0,0,0,0
  .byte 0,0,0,0,0,0,0,0
  .byte 0,0,0,0,0,0,0,0
  .byte 0,0,0,0,0,0,0,0
  .byte 0,0,0,0,0,0,0,0
  .byte 0,0,0,0,0,0,0,0
  .byte 0,0,0,0,0,0,0,0
  .byte 0,0,0,0,0,0,0,0
  .byte 0,0,0,0,0,0,0,0
  .byte 0,0,0,0,0,0,0,0
  .byte 0,0,0,0,0,0,0,0
  .byte 0,0,0,0,0,0,0,0
  .byte 0,0,0,0,0,0,0,0
  .byte 0,0,0,0,0,0,0,0
  .byte 0,0,0,0,0,0,0,0
  .byte 0,0,0,0,0,0,0,0
  .byte 0,0,0,0,0,0,0,0
  .byte 0,0,0,0,0,0,0,0
  .byte 0,0,0,0,0,0,0,0

  .byte 0,0,0,0,0,0,0,0
  .byte 0,0,0,0,0,0,0,0
  .byte 0,0,0,0,0,0,0,0
  .byte 0,0,0,0,0,0,0,0
  .byte 0,0,0,0,0,0,0,0
  .byte 0,0,0,0,0,0,0,0
  .byte 0,0,0,0,0,0,0,0
  .byte 0,0,0,0,0,0,0,0
  .byte 0,0,0,0,0,0,0,0
  .byte 0,0,0,0,0,0,0,0
  .byte 0,0,0,0,0,0,0,0
  .byte 0,0,0,0,0,0,0,0
  .byte 0,0,0,0,0,0,0,0
  .byte 0,0,0,0,0,0,0,0
  .byte 0,0,0,0,0,0,0,0
  .byte 0,0,0,0,0,0,0,0
  .byte 0,0,0,0,0,0,0,0
  .byte 0,0,0,0,0,0,0,0
  .byte 0,0,0,0,0,0,0,0
  .byte 0,0,0,0,0,0,0,0
  .byte 0,0,0,0,0,0,0,0
  .byte 0,0,0,0,0,0,0,0
  .byte 0,0,0,0,0,0,0,0
  .byte 0,0,0,0,0,0,0,0
  .byte 0,0,0,0,0,0,0,0
  .byte 0,0,0,0,0,0,0,0
  .byte 0,0,0,0,0,0,0,0
  .byte 0,0,0,0,0,0,0,0
  .byte 0,0,0,0,0,0,0,0
  .byte 0,0,0,0,0,0,0,0
  .byte 0,0,0,0,0,0,0,0
  .byte 0,0,0,0,0,0,0,0
  .byte 0,0,0,0,0,0,0,0
  .byte 0,0,0,0,0,0,0,0
  .byte 0,0,0,0,0,0,0,0
  .byte 0,0,0,0,0,0,0,0
  .byte 0,0,0,0,0,0,0,0
  .byte 0,0,0,0,0,0,0,0
  .byte 0,0,0,0,0,0,0,0
  .byte 0,0,0,0,0,0,0,0

  .byte 0,0,0,0,0,0,0,0
  .byte 0,0,0,0,0,0,0,0
  .byte 0,0,0,0,0,0,0,0
  .byte 0,0,0,0,0,0,0,0
  .byte 0,0,0,0,0,0,0,0
  .byte 0,0,0,0,0,0,0,0
  .byte 0,0,0,0,0,0,0,0
  .byte 0,0,0,0,0,0,0,0
  .byte 0,0,0,0,0,0,0,0
  .byte 0,0,0,0,0,0,0,0
  .byte 0,0,0,0,0,0,0,0
  .byte 0,0,0,0,0,0,0,0
  .byte 0,0,0,0,0,0,0,0
  .byte 0,0,0,0,0,0,0,0
  .byte 0,0,0,0,0,0,0,0
  .byte 0,0,0,0,0,0,0,0
  .byte 0,0,0,0,0,0,0,0
  .byte 0,0,0,0,0,0,0,0
  .byte 0,0,0,0,0,0,0,0
  .byte 0,0,0,0,0,0,0,0
  .byte 0,0,0,0,0,0,0,0
  .byte 0,0,0,0,0,0,0,0
  .byte 0,0,0,0,0,0,0,0
  .byte 0,0,0,0,0,0,0,0
  .byte 0,0,0,0,0,0,0,0
  .byte 0,0,0,0,0,0,0,0
  .byte 0,0,0,0,0,0,0,0
  .byte 0,0,0,0,0,0,0,0
  .byte 0,0,0,0,0,0,0,0
  .byte 0,0,0,0,0,0,0,0
  .byte 0,0,0,0,0,0,0,0
  .byte 0,0,0,0,0,0,0,0
  .byte 0,0,0,0,0,0,0,0
  .byte 0,0,0,0,0,0,0,0
  .byte 0,0,0,0,0,0,0,0
  .byte 0,0,0,0,0,0,0,0
  .byte 0,0,0,0,0,0,0,0
  .byte 0,0,0,0,0,0,0,0
  .byte 0,0,0,0,0,0,0,0
  .byte 0,0,0,0,0,0,0,0

  .byte 0,0,0,0,0,0,0,0
  .byte 0,0,0,0,0,0,0,0
  .byte 0,0,0,0,0,0,0,0
  .byte 0,0,0,0,0,0,0,0
  .byte 0,0,0,0,0,0,0,0
  .byte 0,0,0,0,0,0,0,0
  .byte 0,0,0,0,0,0,0,0
  .byte 0,0,0,0,0,0,0,0
  .byte 0,0,0,0,0,0,0,0
  .byte 0,0,0,0,0,0,0,0
  .byte 0,0,0,0,0,0,0,0
  .byte 0,0,0,0,0,0,0,0
  .byte 0,0,0,0,0,0,0,0
  .byte 0,0,0,0,0,0,0,0
  .byte 0,0,0,0,0,0,0,0
  .byte 0,0,0,0,0,0,0,0
  .byte 0,0,0,0,0,0,0,0
  .byte 0,0,0,0,0,0,0,0
  .byte 0,0,0,0,0,0,0,0
  .byte 0,0,0,0,0,0,0,0
  .byte 0,0,0,0,0,0,0,0
  .byte 0,0,0,0,0,0,0,0
  .byte 0,0,0,0,0,0,0,0
  .byte 0,0,0,0,0,0,0,0
  .byte 0,0,0,0,0,0,0,0
  .byte 0,0,0,0,0,0,0,0
  .byte 0,0,0,0,0,0,0,0
  .byte 0,0,0,0,0,0,0,0
  .byte 0,0,0,0,0,0,0,0
  .byte 0,0,0,0,0,0,0,0
  .byte 0,0,0,0,0,0,0,0
  .byte 0,0,0,0,0,0,0,0
  .byte 0,0,0,0,0,0,0,0
  .byte 0,0,0,0,0,0,0,0
  .byte 0,0,0,0,0,0,0,0
  .byte 0,0,0,0,0,0,0,0
  .byte 0,0,0,0,0,0,0,0
  .byte 0,0,0,0,0,0,0,0
  .byte 0,0,0,0,0,0,0,0
  .byte 0,0,0,0,0,0,0,0

  .byte 0,0,0,0,0,0,0,0
  .byte 0,0,0,0,0,0,0,0
  .byte 0,0,0,0,0,0,0,0
  .byte 0,0,0,0,0,0,0,0
  .byte 0,0,0,0,0,0,0,0
  .byte 0,0,0,0,0,0,0,0
  .byte 0,0,0,0,0,0,0,0
  .byte 0,0,0,0,0,0,0,0
  .byte 0,0,0,0,0,0,0,0
  .byte 0,0,0,0,0,0,0,0
  .byte 0,0,0,0,0,0,0,0
  .byte 0,0,0,0,0,0,0,0
  .byte 0,0,0,0,0,0,0,0
  .byte 0,0,0,0,0,0,0,0
  .byte 0,0,0,0,0,0,0,0
  .byte 0,0,0,0,0,0,0,0
  .byte 0,0,0,0,0,0,0,0
  .byte 0,0,0,0,0,0,0,0
  .byte 0,0,0,0,0,0,0,0
  .byte 0,0,0,0,0,0,0,0
  .byte 0,0,0,0,0,0,0,0
  .byte 0,0,0,0,0,0,0,0
  .byte 0,0,0,0,0,0,0,0
  .byte 0,0,0,0,0,0,0,0
  .byte 0,0,0,0,0,0,0,0
  .byte 0,0,0,0,0,0,0,0
  .byte 0,0,0,0,0,0,0,0
  .byte 0,0,0,0,0,0,0,0
  .byte 0,0,0,0,0,0,0,0
  .byte 0,0,0,0,0,0,0,0
  .byte 0,0,0,0,0,0,0,0
  .byte 0,0,0,0,0,0,0,0
  .byte 0,0,0,0,0,0,0,0
  .byte 0,0,0,0,0,0,0,0
  .byte 0,0,0,0,0,0,0,0
  .byte 0,0,0,0,0,0,0,0
  .byte 0,0,0,0,0,0,0,0
  .byte 0,0,0,0,0,0,0,0
  .byte 0,0,0,0,0,0,0,0
  .byte 0,0,0,0,0,0,0,0

  .byte 0,0,0,0,0,0,0,0
  .byte 0,0,0,0,0,0,0,0
  .byte 0,0,0,0,0,0,0,0
  .byte 0,0,0,0,0,0,0,0
  .byte 0,0,0,0,0,0,0,0
  .byte 0,0,0,0,0,0,0,0
  .byte 0,0,0,0,0,0,0,0
  .byte 0,0,0,0,0,0,0,0
  .byte 0,0,0,0,0,0,0,0
  .byte 0,0,0,0,0,0,0,0
  .byte 0,0,0,0,0,0,0,0
  .byte 0,0,0,0,0,0,0,0
  .byte 0,0,0,0,0,0,0,0
  .byte 0,0,0,0,0,0,0,0
  .byte 0,0,0,0,0,0,0,0
  .byte 0,0,0,0,0,0,0,0
  .byte 0,0,0,0,0,0,0,0
  .byte 0,0,0,0,0,0,0,0
  .byte 0,0,0,0,0,0,0,0
  .byte 0,0,0,0,0,0,0,0
  .byte 0,0,0,0,0,0,0,0
  .byte 0,0,0,0,0,0,0,0
  .byte 0,0,0,0,0,0,0,0
  .byte 0,0,0,0,0,0,0,0
  .byte 0,0,0,0,0,0,0,0
  .byte 0,0,0,0,0,0,0,0
  .byte 0,0,0,0,0,0,0,0
  .byte 0,0,0,0,0,0,0,0
  .byte 0,0,0,0,0,0,0,0
  .byte 0,0,0,0,0,0,0,0
  .byte 0,0,0,0,0,0,0,0
  .byte 0,0,0,0,0,0,0,0
  .byte 0,0,0,0,0,0,0,0
  .byte 0,0,0,0,0,0,0,0
  .byte 0,0,0,0,0,0,0,0
  .byte 0,0,0,0,0,0,0,0
  .byte 0,0,0,0,0,0,0,0
  .byte 0,0,0,0,0,0,0,0
  .byte 0,0,0,0,0,0,0,0
  .byte 0,0,0,0,0,0,0,0

  .byte 0,0,0,0,0,0,0,0
  .byte 0,0,0,0,0,0,0,0
  .byte 0,0,0,0,0,0,0,0
  .byte 0,0,0,0,0,0,0,0
  .byte 0,0,0,0,0,0,0,0
  .byte 0,0,0,0,0,0,0,0
  .byte 0,0,0,0,0,0,0,0
  .byte 0,0,0,0,0,0,0,0
  .byte 0,0,0,0,0,0,0,0
  .byte 0,0,0,0,0,0,0,0
  .byte 0,0,0,0,0,0,0,0
  .byte 0,0,0,0,0,0,0,0
  .byte 0,0,0,0,0,0,0,0
  .byte 0,0,0,0,0,0,0,0
  .byte 0,0,0,0,0,0,0,0
  .byte 0,0,0,0,0,0,0,0
  .byte 0,0,0,0,0,0,0,0
  .byte 0,0,0,0,0,0,0,0
  .byte 0,0,0,0,0,0,0,0
  .byte 0,0,0,0,0,0,0,0
  .byte 0,0,0,0,0,0,0,0
  .byte 0,0,0,0,0,0,0,0
  .byte 0,0,0,0,0,0,0,0
  .byte 0,0,0,0,0,0,0,0
  .byte 0,0,0,0,0,0,0,0
  .byte 0,0,0,0,0,0,0,0
  .byte 0,0,0,0,0,0,0,0
  .byte 0,0,0,0,0,0,0,0
  .byte 0,0,0,0,0,0,0,0
  .byte 0,0,0,0,0,0,0,0
  .byte 0,0,0,0,0,0,0,0
  .byte 0,0,0,0,0,0,0,0
  .byte 0,0,0,0,0,0,0,0
  .byte 0,0,0,0,0,0,0,0
  .byte 0,0,0,0,0,0,0,0
  .byte 0,0,0,0,0,0,0,0
  .byte 0,0,0,0,0,0,0,0
  .byte 0,0,0,0,0,0,0,0
  .byte 0,0,0,0,0,0,0,0
  .byte 0,0,0,0,0,0,0,0

  .byte 0,0,0,0,0,0,0,0
  .byte 0,0,0,0,0,0,0,0
  .byte 0,0,0,0,0,0,0,0
  .byte 0,0,0,0,0,0,0,0
  .byte 0,0,0,0,0,0,0,0
  .byte 0,0,0,0,0,0,0,0
  .byte 0,0,0,0,0,0,0,0
  .byte 0,0,0,0,0,0,0,0
  .byte 0,0,0,0,0,0,0,0
  .byte 0,0,0,0,0,0,0,0
  .byte 0,0,0,0,0,0,0,0
  .byte 0,0,0,0,0,0,0,0
  .byte 0,0,0,0,0,0,0,0
  .byte 0,0,0,0,0,0,0,0
  .byte 0,0,0,0,0,0,0,0
  .byte 0,0,0,0,0,0,0,0
  .byte 0,0,0,0,0,0,0,0
  .byte 0,0,0,0,0,0,0,0
  .byte 0,0,0,0,0,0,0,0
  .byte 0,0,0,0,0,0,0,0
  .byte 0,0,0,0,0,0,0,0
  .byte 0,0,0,0,0,0,0,0
  .byte 0,0,0,0,0,0,0,0
  .byte 0,0,0,0,0,0,0,0
  .byte 0,0,0,0,0,0,0,0
  .byte 0,0,0,0,0,0,0,0
  .byte 0,0,0,0,0,0,0,0
  .byte 0,0,0,0,0,0,0,0
  .byte 0,0,0,0,0,0,0,0
  .byte 0,0,0,0,0,0,0,0
  .byte 0,0,0,0,0,0,0,0
  .byte 0,0,0,0,0,0,0,0
  .byte 0,0,0,0,0,0,0,0
  .byte 0,0,0,0,0,0,0,0
  .byte 0,0,0,0,0,0,0,0
  .byte 0,0,0,0,0,0,0,0
  .byte 0,0,0,0,0,0,0,0
  .byte 0,0,0,0,0,0,0,0
  .byte 0,0,0,0,0,0,0,0
  .byte 0,0,0,0,0,0,0,0

  .byte 0,0,0,0,0,0,0,0
  .byte 0,0,0,0,0,0,0,0
  .byte 0,0,0,0,0,0,0,0
  .byte 0,0,0,0,0,0,0,0
  .byte 0,0,0,0,0,0,0,0
  .byte 0,0,0,0,0,0,0,0
  .byte 0,0,0,0,0,0,0,0
  .byte 0,0,0,0,0,0,0,0
  .byte 0,0,0,0,0,0,0,0
  .byte 0,0,0,0,0,0,0,0
  .byte 0,0,0,0,0,0,0,0
  .byte 0,0,0,0,0,0,0,0
  .byte 0,0,0,0,0,0,0,0
  .byte 0,0,0,0,0,0,0,0
  .byte 0,0,0,0,0,0,0,0
  .byte 0,0,0,0,0,0,0,0
  .byte 0,0,0,0,0,0,0,0
  .byte 0,0,0,0,0,0,0,0
  .byte 0,0,0,0,0,0,0,0
  .byte 0,0,0,0,0,0,0,0
  .byte 0,0,0,0,0,0,0,0
  .byte 0,0,0,0,0,0,0,0
  .byte 0,0,0,0,0,0,0,0
  .byte 0,0,0,0,0,0,0,0
  .byte 0,0,0,0,0,0,0,0
  .byte 0,0,0,0,0,0,0,0
  .byte 0,0,0,0,0,0,0,0
  .byte 0,0,0,0,0,0,0,0
  .byte 0,0,0,0,0,0,0,0
  .byte 0,0,0,0,0,0,0,0
  .byte 0,0,0,0,0,0,0,0
  .byte 0,0,0,0,0,0,0,0
  .byte 0,0,0,0,0,0,0,0
  .byte 0,0,0,0,0,0,0,0
  .byte 0,0,0,0,0,0,0,0
  .byte 0,0,0,0,0,0,0,0
  .byte 0,0,0,0,0,0,0,0
  .byte 0,0,0,0,0,0,0,0
  .byte 0,0,0,0,0,0,0,0
  .byte 0,0,0,0,0,0,0,0

  .byte 0,0,0,0,0,0,0,0
  .byte 0,0,0,0,0,0,0,0
  .byte 0,0,0,0,0,0,0,0
  .byte 0,0,0,0,0,0,0,0
  .byte 0,0,0,0,0,0,0,0
  .byte 0,0,0,0,0,0,0,0
  .byte 0,0,0,0,0,0,0,0
  .byte 0,0,0,0,0,0,0,0
  .byte 0,0,0,0,0,0,0,0
  .byte 0,0,0,0,0,0,0,0
  .byte 0,0,0,0,0,0,0,0
  .byte 0,0,0,0,0,0,0,0
  .byte 0,0,0,0,0,0,0,0
  .byte 0,0,0,0,0,0,0,0
  .byte 0,0,0,0,0,0,0,0
  .byte 0,0,0,0,0,0,0,0
  .byte 0,0,0,0,0,0,0,0
  .byte 0,0,0,0,0,0,0,0
  .byte 0,0,0,0,0,0,0,0
  .byte 0,0,0,0,0,0,0,0
  .byte 0,0,0,0,0,0,0,0
  .byte 0,0,0,0,0,0,0,0
  .byte 0,0,0,0,0,0,0,0
  .byte 0,0,0,0,0,0,0,0
  .byte 0,0,0,0,0,0,0,0
  .byte 0,0,0,0,0,0,0,0
  .byte 0,0,0,0,0,0,0,0
  .byte 0,0,0,0,0,0,0,0
  .byte 0,0,0,0,0,0,0,0
  .byte 0,0,0,0,0,0,0,0
  .byte 0,0,0,0,0,0,0,0
  .byte 0,0,0,0,0,0,0,0
  .byte 0,0,0,0,0,0,0,0
  .byte 0,0,0,0,0,0,0,0
  .byte 0,0,0,0,0,0,0,0
  .byte 0,0,0,0,0,0,0,0
  .byte 0,0,0,0,0,0,0,0
  .byte 0,0,0,0,0,0,0,0
  .byte 0,0,0,0,0,0,0,0
  .byte 0,0,0,0,0,0,0,0

  .byte 0,0,0,0,0,0,0,0
  .byte 0,0,0,0,0,0,0,0
  .byte 0,0,0,0,0,0,0,0
  .byte 0,0,0,0,0,0,0,0
  .byte 0,0,0,0,0,0,0,0
  .byte 0,0,0,0,0,0,0,0
  .byte 0,0,0,0,0,0,0,0
  .byte 0,0,0,0,0,0,0,0
  .byte 0,0,0,0,0,0,0,0
  .byte 0,0,0,0,0,0,0,0
  .byte 0,0,0,0,0,0,0,0
  .byte 0,0,0,0,0,0,0,0
  .byte 0,0,0,0,0,0,0,0
  .byte 0,0,0,0,0,0,0,0
  .byte 0,0,0,0,0,0,0,0
  .byte 0,0,0,0,0,0,0,0
  .byte 0,0,0,0,0,0,0,0
  .byte 0,0,0,0,0,0,0,0
  .byte 0,0,0,0,0,0,0,0
  .byte 0,0,0,0,0,0,0,0
  .byte 0,0,0,0,0,0,0,0
  .byte 0,0,0,0,0,0,0,0
  .byte 0,0,0,0,0,0,0,0
  .byte 0,0,0,0,0,0,0,0
  .byte 0,0,0,0,0,0,0,0
  .byte 0,0,0,0,0,0,0,0
  .byte 0,0,0,0,0,0,0,0
  .byte 0,0,0,0,0,0,0,0
  .byte 0,0,0,0,0,0,0,0
  .byte 0,0,0,0,0,0,0,0
  .byte 0,0,0,0,0,0,0,0
  .byte 0,0,0,0,0,0,0,0
  .byte 0,0,0,0,0,0,0,0
  .byte 0,0,0,0,0,0,0,0
  .byte 0,0,0,0,0,0,0,0
  .byte 0,0,0,0,0,0,0,0
  .byte 0,0,0,0,0,0,0,0
  .byte 0,0,0,0,0,0,0,0
  .byte 0,0,0,0,0,0,0,0
  .byte 0,0,0,0,0,0,0,0

  .byte 0,0,0,0,0,0,0,0
  .byte 0,0,0,0,0,0,0,0
  .byte 0,0,0,0,0,0,0,0
  .byte 0,0,0,0,0,0,0,0
  .byte 0,0,0,0,0,0,0,0
  .byte 0,0,0,0,0,0,0,0
  .byte 0,0,0,0,0,0,0,0
  .byte 0,0,0,0,0,0,0,0
  .byte 0,0,0,0,0,0,0,0
  .byte 0,0,0,0,0,0,0,0
  .byte 0,0,0,0,0,0,0,0
  .byte 0,0,0,0,0,0,0,0
  .byte 0,0,0,0,0,0,0,0
  .byte 0,0,0,0,0,0,0,0
  .byte 0,0,0,0,0,0,0,0
  .byte 0,0,0,0,0,0,0,0
  .byte 0,0,0,0,0,0,0,0
  .byte 0,0,0,0,0,0,0,0
  .byte 0,0,0,0,0,0,0,0
  .byte 0,0,0,0,0,0,0,0
  .byte 0,0,0,0,0,0,0,0
  .byte 0,0,0,0,0,0,0,0
  .byte 0,0,0,0,0,0,0,0
  .byte 0,0,0,0,0,0,0,0
  .byte 0,0,0,0,0,0,0,0
  .byte 0,0,0,0,0,0,0,0
  .byte 0,0,0,0,0,0,0,0
  .byte 0,0,0,0,0,0,0,0
  .byte 0,0,0,0,0,0,0,0
  .byte 0,0,0,0,0,0,0,0
  .byte 0,0,0,0,0,0,0,0
  .byte 0,0,0,0,0,0,0,0
  .byte 0,0,0,0,0,0,0,0
  .byte 0,0,0,0,0,0,0,0
  .byte 0,0,0,0,0,0,0,0
  .byte 0,0,0,0,0,0,0,0
  .byte 0,0,0,0,0,0,0,0
  .byte 0,0,0,0,0,0,0,0
  .byte 0,0,0,0,0,0,0,0
  .byte 0,0,0,0,0,0,0,0

  .byte 0,0,0,0,0,0,0,0
  .byte 0,0,0,0,0,0,0,0
  .byte 0,0,0,0,0,0,0,0
  .byte 0,0,0,0,0,0,0,0
  .byte 0,0,0,0,0,0,0,0
  .byte 0,0,0,0,0,0,0,0
  .byte 0,0,0,0,0,0,0,0
  .byte 0,0,0,0,0,0,0,0
  .byte 0,0,0,0,0,0,0,0
  .byte 0,0,0,0,0,0,0,0
  .byte 0,0,0,0,0,0,0,0
  .byte 0,0,0,0,0,0,0,0
  .byte 0,0,0,0,0,0,0,0
  .byte 0,0,0,0,0,0,0,0
  .byte 0,0,0,0,0,0,0,0
  .byte 0,0,0,0,0,0,0,0
  .byte 0,0,0,0,0,0,0,0
  .byte 0,0,0,0,0,0,0,0
  .byte 0,0,0,0,0,0,0,0
  .byte 0,0,0,0,0,0,0,0
  .byte 0,0,0,0,0,0,0,0
  .byte 0,0,0,0,0,0,0,0
  .byte 0,0,0,0,0,0,0,0
  .byte 0,0,0,0,0,0,0,0
  .byte 0,0,0,0,0,0,0,0
  .byte 0,0,0,0,0,0,0,0
  .byte 0,0,0,0,0,0,0,0
  .byte 0,0,0,0,0,0,0,0
  .byte 0,0,0,0,0,0,0,0
  .byte 0,0,0,0,0,0,0,0
  .byte 0,0,0,0,0,0,0,0
  .byte 0,0,0,0,0,0,0,0
  .byte 0,0,0,0,0,0,0,0
  .byte 0,0,0,0,0,0,0,0
  .byte 0,0,0,0,0,0,0,0
  .byte 0,0,0,0,0,0,0,0
  .byte 0,0,0,0,0,0,0,0
  .byte 0,0,0,0,0,0,0,0
  .byte 0,0,0,0,0,0,0,0
  .byte 0,0,0,0,0,0,0,0


; The following two first values are border and background
colora:
  .byte 6,0
  .byte 191,191,17,17,17,17,17,17,17,17,17,17,0,0,0,0,0,0,0,0,0,0,0,0,0,0,0,0,0,0,0,0,0,0,0,0,0,0,0,0
  .byte 191,251,17,17,17,17,187,17,251,255,17,17,17,17,0,0,0,0,0,0,0,0,0,0,0,0,0,0,0,0,0,0,0,0,0,0,0,0,0,0
  .byte 0,0,0,0,0,0,0,0,0,0,0,0,0,0,0,0,0,0,0,0,0,0,0,0,0,0,0,0,0,0,0,0,0,0,0,0,0,0,0,0
  .byte 0,0,0,0,0,0,0,0,0,0,0,0,0,0,0,0,0,0,0,0,0,0,0,0,0,0,0,0,0,0,0,0,0,0,0,0,0,0,0,0
  .byte 0,0,0,0,0,0,0,0,0,0,0,0,0,0,0,0,0,0,0,0,0,0,0,0,0,0,0,0,0,0,0,0,0,0,0,0,0,0,0,0
  .byte 0,0,0,0,0,0,0,0,0,0,0,0,0,0,0,0,0,0,0,0,0,0,0,0,0,0,0,0,0,0,0,0,0,0,0,0,0,0,0,0
  .byte 0,0,0,0,0,0,0,0,0,0,0,0,0,0,0,0,0,0,0,0,0,0,0,0,0,0,0,0,0,0,0,0,0,0,0,0,0,0,0,0
  .byte 0,0,0,0,0,0,0,0,0,0,0,0,0,0,0,0,0,0,0,0,0,0,0,0,0,0,0,0,0,0,0,0,0,0,0,0,0,0,0,0
  .byte 0,0,0,0,0,0,0,0,0,0,0,0,0,0,0,0,0,0,0,0,0,0,0,0,0,0,0,0,0,0,0,0,0,0,0,0,0,0,0,0
  .byte 0,0,0,0,0,0,0,0,0,0,0,0,0,0,0,0,0,0,0,0,0,0,0,0,0,0,0,0,0,0,0,0,0,0,0,0,0,0,0,0
  .byte 0,0,0,0,0,0,0,0,0,0,0,0,0,0,0,0,0,0,0,0,0,0,0,0,0,0,0,0,0,0,0,0,0,0,0,0,0,0,0,0
  .byte 0,0,0,0,0,0,0,0,0,0,0,0,0,0,0,0,0,0,0,0,0,0,0,0,0,0,0,0,0,0,0,0,0,0,0,0,0,0,0,0
  .byte 0,0,0,0,0,0,0,0,0,0,0,0,0,0,0,0,0,0,0,0,0,0,0,0,0,0,0,0,0,0,0,0,0,0,0,0,0,0,0,0
  .byte 0,0,0,0,0,0,0,0,0,0,0,0,0,0,0,0,0,0,0,0,0,0,0,0,0,0,0,0,0,0,0,0,0,0,0,0,0,0,0,0
  .byte 0,0,0,0,0,0,0,0,0,0,0,0,0,0,0,0,0,0,0,0,0,0,0,0,0,0,0,0,0,0,0,0,0,0,0,0,0,0,0,0
  .byte 0,0,0,0,0,0,0,0,0,0,0,0,0,0,0,0,0,0,0,0,0,0,0,0,0,0,0,0,0,0,0,0,0,0,0,0,0,0,0,0
  .byte 0,0,0,0,0,0,0,0,0,0,0,0,0,0,0,0,0,0,0,0,0,0,0,0,0,0,0,0,0,0,0,0,0,0,0,0,0,0,0,0
  .byte 0,0,0,0,0,0,0,0,0,0,0,0,0,0,0,0,0,0,0,0,0,0,0,0,0,0,0,0,0,0,0,0,0,0,0,0,0,0,0,0
  .byte 0,0,0,0,0,0,0,0,0,0,0,0,0,0,0,0,0,0,0,0,0,0,0,0,0,0,0,0,0,0,0,0,0,0,0,0,0,0,0,0
  .byte 0,0,0,0,0,0,0,0,0,0,0,0,0,0,0,0,0,0,0,0,0,0,0,0,0,0,0,0,0,0,0,0,0,0,0,0,0,0,0,0
  .byte 0,0,0,0,0,0,0,0,0,0,0,0,0,0,0,0,0,0,0,0,0,0,0,0,0,0,0,0,0,0,0,0,0,0,0,0,0,0,0,0
  .byte 0,0,0,0,0,0,0,0,0,0,0,0,0,0,0,0,0,0,0,0,0,0,0,0,0,0,0,0,0,0,0,0,0,0,0,0,0,0,0,0
  .byte 0,0,0,0,0,0,0,0,0,0,0,0,0,0,0,0,0,0,0,0,0,0,0,0,0,0,0,0,0,0,0,0,0,0,0,0,0,0,0,0
  .byte 0,0,0,0,0,0,0,0,0,0,0,0,0,0,0,0,0,0,0,0,0,0,0,0,0,0,0,0,0,0,0,0,0,0,0,0,0,0,0,0
  .byte 0,0,0,0,0,0,0,0,0,0,0,0,0,0,0,0,0,0,0,0,0,0,0,0,0,0,0,0,0,0,0,0,0,0,0,0,0,0,0,0

; The following goes to $D800 onwards
colorb:
  .byte 1,1,1,1,1,1,1,1,1,1,1,1,0,0,0,0,0,0,0,0,0,0,0,0,0,0,0,0,0,0,0,0,0,0,0,0,0,0,0,0
  .byte 1,1,1,1,1,1,1,1,1,1,1,1,1,1,0,0,0,0,0,0,0,0,0,0,0,0,0,0,0,0,0,0,0,0,0,0,0,0,0,0
  .byte 0,0,0,0,0,0,0,0,0,0,0,0,0,0,0,0,0,0,0,0,0,0,0,0,0,0,0,0,0,0,0,0,0,0,0,0,0,0,0,0
  .byte 0,0,0,0,0,0,0,0,0,0,0,0,0,0,0,0,0,0,0,0,0,0,0,0,0,0,0,0,0,0,0,0,0,0,0,0,0,0,0,0
  .byte 0,0,0,0,0,0,0,0,0,0,0,0,0,0,0,0,0,0,0,0,0,0,0,0,0,0,0,0,0,0,0,0,0,0,0,0,0,0,0,0
  .byte 0,0,0,0,0,0,0,0,0,0,0,0,0,0,0,0,0,0,0,0,0,0,0,0,0,0,0,0,0,0,0,0,0,0,0,0,0,0,0,0
  .byte 0,0,0,0,0,0,0,0,0,0,0,0,0,0,0,0,0,0,0,0,0,0,0,0,0,0,0,0,0,0,0,0,0,0,0,0,0,0,0,0
  .byte 0,0,0,0,0,0,0,0,0,0,0,0,0,0,0,0,0,0,0,0,0,0,0,0,0,0,0,0,0,0,0,0,0,0,0,0,0,0,0,0
  .byte 0,0,0,0,0,0,0,0,0,0,0,0,0,0,0,0,0,0,0,0,0,0,0,0,0,0,0,0,0,0,0,0,0,0,0,0,0,0,0,0
  .byte 0,0,0,0,0,0,0,0,0,0,0,0,0,0,0,0,0,0,0,0,0,0,0,0,0,0,0,0,0,0,0,0,0,0,0,0,0,0,0,0
  .byte 0,0,0,0,0,0,0,0,0,0,0,0,0,0,0,0,0,0,0,0,0,0,0,0,0,0,0,0,0,0,0,0,0,0,0,0,0,0,0,0
  .byte 0,0,0,0,0,0,0,0,0,0,0,0,0,0,0,0,0,0,0,0,0,0,0,0,0,0,0,0,0,0,0,0,0,0,0,0,0,0,0,0
  .byte 0,0,0,0,0,0,0,0,0,0,0,0,0,0,0,0,0,0,0,0,0,0,0,0,0,0,0,0,0,0,0,0,0,0,0,0,0,0,0,0
  .byte 0,0,0,0,0,0,0,0,0,0,0,0,0,0,0,0,0,0,0,0,0,0,0,0,0,0,0,0,0,0,0,0,0,0,0,0,0,0,0,0
  .byte 0,0,0,0,0,0,0,0,0,0,0,0,0,0,0,0,0,0,0,0,0,0,0,0,0,0,0,0,0,0,0,0,0,0,0,0,0,0,0,0
  .byte 0,0,0,0,0,0,0,0,0,0,0,0,0,0,0,0,0,0,0,0,0,0,0,0,0,0,0,0,0,0,0,0,0,0,0,0,0,0,0,0
  .byte 0,0,0,0,0,0,0,0,0,0,0,0,0,0,0,0,0,0,0,0,0,0,0,0,0,0,0,0,0,0,0,0,0,0,0,0,0,0,0,0
  .byte 0,0,0,0,0,0,0,0,0,0,0,0,0,0,0,0,0,0,0,0,0,0,0,0,0,0,0,0,0,0,0,0,0,0,0,0,0,0,0,0
  .byte 0,0,0,0,0,0,0,0,0,0,0,0,0,0,0,0,0,0,0,0,0,0,0,0,0,0,0,0,0,0,0,0,0,0,0,0,0,0,0,0
  .byte 0,0,0,0,0,0,0,0,0,0,0,0,0,0,0,0,0,0,0,0,0,0,0,0,0,0,0,0,0,0,0,0,0,0,0,0,0,0,0,0
  .byte 0,0,0,0,0,0,0,0,0,0,0,0,0,0,0,0,0,0,0,0,0,0,0,0,0,0,0,0,0,0,0,0,0,0,0,0,0,0,0,0
  .byte 0,0,0,0,0,0,0,0,0,0,0,0,0,0,0,0,0,0,0,0,0,0,0,0,0,0,0,0,0,0,0,0,0,0,0,0,0,0,0,0
  .byte 0,0,0,0,0,0,0,0,0,0,0,0,0,0,0,0,0,0,0,0,0,0,0,0,0,0,0,0,0,0,0,0,0,0,0,0,0,0,0,0
  .byte 0,0,0,0,0,0,0,0,0,0,0,0,0,0,0,0,0,0,0,0,0,0,0,0,0,0,0,0,0,0,0,0,0,0,0,0,0,0,0,0
  .byte 0,0,0,0,0,0,0,0,0,0,0,0,0,0,0,0,0,0,0,0,0,0,0,0,0,0,0,0,0,0,0,0,0,0,0,0,0,0,0,0

